07112
07111
02010
01058
05221
04520
04920
05143
00250
04960
05330
05010
00520
00970
00627
07021
05146
05014
07229
07038
00942
07037
07033
07027
04612
07048
07042
07040
07041
07043
07045
07028
07044
07030
04210
00590
00330
05412
00053
05310
00791
05320
04360
07026
04662
02030
05100
03070
05217
03022
03410
00362
07117
07110
00402
00965
04976
00522
01065
01064
01063
01066
01051
01061
01070
01060
01110
01053
01062
01056
01057
01040
01055
00780
00363
05219
00905
00650
00524
07116
07031
00660
00232
07036
04020
00930
04973
00710
00720
04260
00906
07216
04514
04110
04112
04111
07013
07012
05142
04062
00625
00361
07220
05220
04711
04710
04712
00020
00331
04966
05210
04610
00460
07219
00270
04060
04623
00473
00472
00471
00351
03030
05414
00621
00904
07213
04320
00982
00983
04512
07228
07034
04144
05213
05120
04012
00565
00642
04975
00061
00062
00071
04664
04666
02040
00944
00941
00364
04510
00790
00051
07113
07230
00052
04540
04971
00281
05214
07225
00966
00480
00561
00564
00260
00010
00532
00534
00533
00531
00604
00603
00601
00563
00630
04912
05332
07218
04340
04640
05160
07212
07227
00340
03440
01510
05016
05410
07032
07046
00901
00562
00981
04910
04672
00943
00950
04630
05140
04670
00903
00591
00785
00540
07015
04730
04720
00300
00310
04142
04010
04013
04011
07020
05144
04950
04113
04916
05218
01100
00980
00680
01120
03430
00902
00512
00510
04621
00626
07114
04650
04080
04722
00760
07221
00910
00633
03450
05223
01054
04330
00401
03420
04740
00670
04114
07039
07224
04380
07047
00511
00514
01010
00190
03320
05212
04972
00770
05012
05130
05200
00311
07011
00040
00030
00550
04146
07222
04145
07029
00360
00400
00940
04070
00440
02060
00195
00196
04744
04745
04075
04626
00624
00523
00860
00120
05340
05020
07226
04914
00640
07035
05215
03050
04974
03060
04141
04964
00230
00231
00240
00620
07025
07014
04622
03018
03020
03013
04810
04140
05211
04614
07217
07223
00830
05323
00740
03010
03008
07023
04130
04970
00121
00450
07211
00909
05131
05222
07231
00600
03040
05150
00500
07024
00100
00140
00945
00521
00643
07017
07018
07016
07115
00920
04122
00072
05322
04660
04350
04742
00430
00900
00253
07019
00730
05216
04530
04620
00623
05145
00960
00380
02020
04940
01052
04930
00350
00130
04120
04370
00290
00280
00513
04270
04962
05110
05111
05416
00750
04977
04310
00622
00908
07215
00592
07214
00410
00312
03015
04150
04115
