Count: 47458
Radius: 1.0244469308045928E-7
Point: 0.09	0.87	0.00	0.00	0.94	0.86	0.00	0.01	0.88	0.00	0.04	0.11	0.88	0.01	0.11	0.87	0.10	0.00	0.96	0.00	0.10	0.12	0.86	0.04	0.08	0.89	0.06	0.04	0.95	0.13	0.02	0.96	0.11	0.02	0.00	0.00	0.01	0.11	0.98	0.05	0.11	0.89	0.97	0.01	0.00	0.88	0.95	0.96	0.87	0.00	0.95	0.87	0.07	0.01	0.96	0.96	0.12	0.92	0.13	0.89	0.03	0.01	0.94	0.89	0.12	0.00	0.89	0.95	-0.00	0.03	0.00	0.95	0.94	0.90	0.02	0.00	0.90	0.00	0.00	0.86	0.12

Count: 24541
Radius: 1.0084966288411843E-7
Point: 0.09	0.94	0.09	0.00	0.94	0.05	0.00	0.12	0.94	0.89	0.06	0.11	0.89	0.88	0.10	0.94	0.10	0.01	0.94	0.00	0.10	0.12	0.05	0.04	0.08	0.94	0.10	0.03	0.95	0.94	0.89	0.94	0.10	0.89	0.00	0.00	0.01	0.11	0.98	0.05	0.10	0.88	0.97	0.88	0.86	0.89	0.95	0.96	0.10	0.00	0.94	0.89	0.13	0.03	0.96	0.96	0.11	0.92	0.93	0.89	0.03	0.01	0.94	0.92	0.10	0.00	0.89	0.95	-0.00	0.02	0.00	0.96	0.90	0.95	0.02	0.00	0.89	0.00	0.00	0.86	0.12

Count: 10457
Radius: 1.0457558811451527E-7
Point: 0.12	0.86	0.03	0.00	0.88	0.12	0.85	0.12	0.87	0.00	0.12	0.11	0.11	0.87	0.00	0.86	0.04	0.00	0.00	0.00	0.13	0.89	0.88	0.86	0.12	0.05	0.06	0.00	0.04	0.86	0.02	0.13	0.86	0.86	0.91	0.00	0.00	0.13	0.13	0.93	0.86	0.03	0.00	0.01	0.00	0.00	0.86	0.12	0.84	0.00	0.00	0.85	0.07	0.01	0.00	0.00	0.06	0.11	0.13	0.00	0.85	0.86	0.02	0.93	0.89	0.00	0.00	0.13	0.00	0.00	0.01	0.06	0.05	0.00	0.03	0.84	0.00	0.00	0.00	0.85	0.95

Count: 8909
Radius: 1.3848732338271285E-7
Point: 0.09	0.87	0.03	0.00	0.94	0.88	0.11	0.00	0.86	0.00	0.04	0.10	0.92	0.00	0.87	0.87	0.94	0.00	0.13	0.00	0.10	0.12	0.87	0.04	0.05	0.89	0.06	0.85	0.94	0.06	0.02	0.96	0.12	0.00	0.09	0.00	0.00	0.10	0.96	0.09	0.11	0.94	0.97	0.01	0.00	0.87	0.96	0.92	0.85	0.00	0.86	0.87	0.04	0.00	0.91	0.93	0.10	0.86	0.12	0.89	0.04	0.87	0.94	0.06	0.12	0.00	0.89	0.96	-0.00	0.87	0.00	0.94	0.94	0.90	0.01	0.05	0.90	0.00	0.00	0.87	0.12

Count: 5701
Radius: 9.28809710579589E-8
Point: 0.09	0.02	0.00	0.00	0.94	0.85	0.00	0.06	0.88	0.00	0.04	0.00	0.88	0.00	0.11	0.02	0.10	0.00	0.94	0.00	0.10	0.12	0.86	0.04	0.00	0.89	0.06	0.04	0.95	0.13	0.02	0.92	0.11	0.04	0.00	0.00	0.01	0.00	0.98	0.00	0.11	0.87	0.97	0.00	0.00	0.88	0.95	0.96	0.86	0.00	0.94	0.01	0.13	0.02	0.96	0.96	0.11	0.91	0.13	0.89	0.03	0.01	0.94	0.88	0.12	0.00	0.89	0.93	0.00	0.03	0.00	0.95	0.94	0.89	0.00	0.00	0.89	0.00	0.00	0.00	0.12

Count: 5514
Radius: 1.5518308256536612E-7
Point: 0.00	0.94	0.06	0.00	0.95	0.10	0.00	0.12	0.93	0.11	0.04	0.11	0.88	0.87	0.10	0.89	0.93	0.86	0.12	0.00	0.10	0.12	0.88	0.03	0.00	0.90	0.86	0.04	0.96	0.13	0.89	0.12	0.11	0.88	0.05	0.00	0.00	0.11	0.98	0.05	0.11	0.11	0.96	0.03	0.85	0.88	0.95	0.96	0.09	0.00	0.87	0.88	0.90	0.93	0.93	0.94	0.12	0.86	0.93	0.94	0.03	0.00	0.94	0.11	0.06	0.00	0.89	0.96	-0.00	0.03	0.05	0.96	0.90	0.86	0.01	0.00	0.02	0.00	0.00	0.11	0.12

Count: 3384
Radius: 1.202292544678972E-7
Point: 0.09	0.94	0.04	0.00	0.94	0.11	0.10	0.11	0.86	0.89	0.05	0.10	0.93	0.00	0.87	0.94	0.94	0.02	0.13	0.00	0.10	0.11	0.04	0.04	0.05	0.93	0.12	0.86	0.94	0.12	0.89	0.96	0.10	0.02	0.09	0.00	0.00	0.10	0.97	0.09	0.10	0.94	0.97	0.87	0.87	0.89	0.96	0.93	0.10	0.00	0.86	0.89	0.07	0.02	0.91	0.93	0.10	0.86	0.92	0.89	0.03	0.87	0.94	0.07	0.11	0.00	0.89	0.96	0.00	0.87	0.00	0.96	0.89	0.96	0.01	0.05	0.90	0.00	0.00	0.88	0.12

Count: 2056
Radius: 1.344844469596394E-7
Point: 0.09	0.87	0.03	0.00	0.94	0.88	0.11	0.00	0.86	0.00	0.04	0.10	0.92	0.00	0.87	0.87	0.94	0.00	0.13	0.00	0.10	0.12	0.87	0.04	0.05	0.89	0.06	0.85	0.94	0.06	0.02	0.96	0.12	0.00	0.09	0.00	0.00	0.10	0.96	0.09	0.11	0.94	0.96	0.01	0.00	0.87	0.96	0.92	0.85	0.00	0.02	0.87	0.04	0.00	0.85	0.88	0.10	0.86	0.12	0.89	0.04	0.87	0.94	0.06	0.12	0.00	0.89	0.96	-0.00	0.87	0.00	0.94	0.94	0.90	0.01	0.05	0.90	0.00	0.00	0.87	0.12

Count: 668
Radius: 1.0834454349069986E-7
Point: 0.09	0.94	0.04	0.00	0.94	0.11	0.10	0.11	0.86	0.89	0.05	0.10	0.93	0.00	0.87	0.94	0.94	0.02	0.13	0.00	0.10	0.11	0.04	0.04	0.05	0.93	0.12	0.86	0.94	0.12	0.89	0.96	0.10	0.02	0.09	0.00	0.00	0.10	0.97	0.09	0.10	0.94	0.97	0.87	0.87	0.89	0.96	0.93	0.10	0.00	0.02	0.89	0.07	0.02	0.86	0.88	0.10	0.86	0.92	0.89	0.03	0.87	0.94	0.07	0.11	0.00	0.89	0.96	0.00	0.87	0.00	0.96	0.89	0.96	0.01	0.05	0.90	0.00	0.00	0.88	0.12

Count: 601
Radius: 1.0374284648212656E-7
Point: 0.09	0.02	0.03	0.00	0.94	0.88	0.11	0.02	0.86	0.00	0.04	0.00	0.92	0.00	0.87	0.02	0.94	0.00	0.13	0.00	0.10	0.12	0.87	0.04	0.00	0.88	0.06	0.85	0.94	0.06	0.02	0.95	0.11	0.00	0.09	0.00	0.00	0.00	0.96	0.00	0.11	0.94	0.97	0.00	0.00	0.87	0.96	0.92	0.85	0.00	0.86	0.01	0.06	0.01	0.91	0.93	0.10	0.86	0.12	0.89	0.04	0.87	0.94	0.06	0.12	0.00	0.89	0.95	0.00	0.87	0.00	0.94	0.94	0.90	0.00	0.05	0.90	0.00	0.00	0.00	0.12

Count: 173
Radius: 1.1719144042124434E-7
Point: 0.00	0.94	0.06	0.00	0.95	0.10	0.00	0.12	0.93	0.11	0.04	0.11	0.88	0.87	0.10	0.89	0.93	0.86	0.11	0.00	0.10	0.12	0.88	0.03	0.00	0.90	0.86	0.04	0.96	0.13	0.89	0.12	0.11	0.88	0.05	0.00	0.00	0.11	0.98	0.05	0.11	0.11	0.95	0.03	0.85	0.88	0.95	0.96	0.09	0.00	0.01	0.88	0.90	0.93	0.89	0.90	0.12	0.86	0.93	0.94	0.03	0.00	0.94	0.11	0.06	0.00	0.89	0.96	0.00	0.03	0.05	0.96	0.90	0.86	0.01	0.00	0.02	0.00	0.00	0.11	0.12

Count: 172
Radius: 9.072642017604722E-8
Point: 0.12	0.87	0.03	0.00	0.00	0.00	0.92	0.02	0.00	0.00	0.95	0.13	0.09	0.02	0.00	0.87	0.01	0.02	0.00	0.00	0.12	0.00	0.00	0.00	0.12	0.04	0.12	0.02	0.00	0.02	0.02	0.10	0.87	0.00	0.96	0.00	0.00	0.13	0.00	0.95	0.86	0.00	0.00	0.02	0.02	0.00	0.86	0.00	0.85	0.09	0.00	0.09	0.07	0.02	0.00	0.00	0.00	0.00	0.12	0.00	0.85	0.86	0.00	0.02	0.83	0.09	0.00	0.00	0.00	0.00	0.02	0.02	0.02	0.00	0.04	0.86	0.00	0.90	0.00	0.86	0.00

Count: 130
Radius: 9.33870329429277E-8
Point: 0.00	0.94	0.06	0.00	0.95	0.10	0.00	0.12	0.93	0.11	0.04	0.11	0.88	0.87	0.10	0.89	0.93	0.86	0.12	0.80	0.10	0.12	0.88	0.03	0.00	0.90	0.86	0.04	0.96	0.13	0.89	0.12	0.11	0.88	0.05	0.00	0.00	0.11	0.98	0.05	0.11	0.07	0.96	0.03	0.85	0.88	0.16	0.96	0.09	0.81	0.87	0.88	0.90	0.93	0.93	0.94	0.12	0.86	0.93	0.94	0.03	0.00	0.94	0.11	0.06	0.00	0.89	0.96	0.00	0.03	0.05	0.96	0.15	0.86	0.01	0.00	0.02	0.00	0.00	0.11	0.12

Count: 85
Radius: 2.0985574651073456E-6
Point: 0.09	0.02	0.00	0.00	0.94	0.85	0.00	0.06	0.88	0.00	0.04	0.00	0.88	0.00	0.11	0.02	0.10	0.00	0.94	0.80	0.10	0.12	0.86	0.04	0.00	0.89	0.06	0.04	0.95	0.13	0.02	0.92	0.11	0.04	0.00	0.00	0.01	0.00	0.98	0.00	0.11	0.15	0.97	0.00	0.00	0.88	0.16	0.96	0.86	0.78	0.94	0.01	0.13	0.02	0.96	0.96	0.11	0.91	0.13	0.89	0.03	0.01	0.94	0.88	0.12	0.00	0.89	0.93	-0.00	0.03	0.00	0.95	0.16	0.89	0.00	0.00	0.89	0.00	0.00	0.00	0.12

Count: 76
Radius: 9.393016611748491E-8
Point: 0.09	0.02	0.03	0.00	0.94	0.88	0.11	0.02	0.86	0.00	0.04	0.00	0.92	0.00	0.87	0.02	0.94	0.00	0.13	0.00	0.10	0.12	0.87	0.04	0.00	0.88	0.06	0.85	0.94	0.06	0.02	0.95	0.11	0.00	0.09	0.00	0.00	0.00	0.96	0.00	0.11	0.94	0.97	0.00	0.00	0.87	0.96	0.92	0.85	0.00	0.02	0.01	0.06	0.01	0.86	0.89	0.10	0.86	0.12	0.89	0.04	0.87	0.94	0.06	0.12	0.00	0.89	0.95	0.00	0.87	0.00	0.94	0.94	0.90	0.00	0.05	0.90	0.00	0.00	0.00	0.12

Count: 46
Radius: 1.0667346623154836E-7
Point: 0.12	0.02	0.03	0.00	0.00	0.00	0.94	0.04	0.00	0.00	0.94	0.00	0.09	0.00	0.00	0.02	0.00	0.02	0.00	0.00	0.12	0.00	0.02	0.00	0.00	0.00	0.12	0.02	0.00	0.04	0.02	0.00	0.02	0.02	0.95	0.00	0.00	0.12	0.00	0.93	0.87	0.00	0.00	0.00	0.02	0.00	0.87	0.00	0.85	0.09	0.00	0.00	0.12	0.03	0.00	0.00	0.00	0.00	0.12	0.02	0.85	0.87	0.00	0.02	0.82	0.09	0.00	0.00	0.00	0.00	0.02	0.02	0.00	0.00	0.00	0.87	0.00	0.89	0.00	0.00	0.00

Count: 20
Radius: 7.57836923241851E-8
Point: 0.12	0.00	0.02	0.00	0.00	0.00	0.94	0.02	0.00	0.00	0.94	0.01	0.09	0.00	0.00	0.00	0.00	0.00	0.00	0.00	0.12	0.00	0.02	0.00	0.00	0.00	0.00	0.02	0.00	0.02	0.00	0.00	0.02	0.02	0.94	0.00	0.00	0.12	0.00	0.89	0.87	0.00	0.00	0.00	0.00	0.00	0.87	0.00	0.87	0.10	0.00	0.00	0.12	0.02	0.00	0.00	0.02	0.00	0.00	0.02	0.00	0.87	0.00	0.00	0.01	0.10	0.00	0.00	-0.00	0.00	0.02	0.00	0.00	0.00	0.00	0.87	0.00	0.89	0.00	0.00	0.00

Count: 9
Radius: 8.509690135952212E-8
Point: 0.00	0.94	0.06	0.00	0.95	0.10	0.00	0.12	0.93	0.11	0.04	0.11	0.88	0.87	0.10	0.89	0.93	0.86	0.11	0.80	0.10	0.12	0.88	0.03	0.00	0.90	0.86	0.04	0.96	0.13	0.89	0.12	0.11	0.88	0.05	0.00	0.00	0.11	0.98	0.05	0.11	0.07	0.95	0.03	0.85	0.88	0.16	0.96	0.09	0.81	0.01	0.88	0.90	0.93	0.89	0.90	0.12	0.86	0.93	0.94	0.03	0.00	0.94	0.11	0.06	0.00	0.89	0.96	0.00	0.03	0.05	0.96	0.15	0.86	0.01	0.00	0.02	0.00	0.00	0.11	0.12

